15
10 2 3 1 6 13 12 9 8 7 4 5 11 15 14
1 2 8 9 10 13 12 11 15 14 3 4 5 6 7
1 2 15 14 13 3 4 5 6 7 8 9 10 12 11
9 8 7 4 5 11 15 14 10 2 3 1 6 13 12 
1 2 3 4 5 6 7 8 9 10 11 12 13 14 15
1 2 15 14 13 3 4 5 6 7 8 9 10 12 11
9 8 7 4 5 11 15 14 10 2 3 1 6 13 12 
1 2 14 13 8 9 3 10 5 4 6 7 15 12 11
1 2 10 13 12 3 4 5 6 7 8 9 11 15 14
1 2 3 4 5 6 7 8 9 10 11 12 13 14 15
10 9 8 7 6 5 4 3 2 1 11 13 15 14 12
2 1 3 4 5 6 7 8 10 9 13 12 11 15 14
1 2 3 4 5 6 7 8 9 10 15 14 13 12 11
10 2 3 1 6 13 12 9 8 7 4 5 11 15 14
1 2 8 9 10 13 12 11 15 14 3 4 5 6 7
1 2 15 14 13 3 4 5 6 7 8 9 10 12 11
9 8 7 4 5 11 15 14 10 2 3 1 6 13 12 
1 2 3 4 5 6 7 8 9 10 11 12 13 14 15
1 2 3 4 5 6 7 8 9 10 13 12 11 15 14
1 2 14 13 8 9 3 10 5 4 6 7 15 12 11
1 2 10 13 12 3 4 5 6 7 8 9 11 15 14
10 2 3 1 6 13 12 9 8 7 4 5 11 15 14
1 2 8 9 10 13 12 11 15 14 3 4 5 6 7
1 2 3 4 5 6 7 8 9 10 11 12 13 14 15
2 1 3 4 5 6 7 8 10 9 13 12 11 15 14
1 2 3 4 5 6 7 8 9 10 15 14 13 12 11
10 9 8 7 6 5 4 3 2 1 11 13 15 14 12
2 1 3 4 5 6 7 8 10 9 13 12 11 15 14
1 2 3 4 5 6 7 8 9 10 13 12 11 15 14
1 2 3 4 5 6 7 8 9 10 15 14 13 12 11